t_ch_1 = [	0		32.1;
			36.9	62.8;
			67		94.6;
			100		125.2;
			127.1	156.1;
			159.1	186.64;
			188		220.45;
			224.2	248.2;
			252.4	282.4;
			287.1	310.7;
			312.4	342.92;
			345.6	370.02;
			371.3	400.52;
			403.8	431.45;
			435.8	465;
			469.2	494.65;
			496.1	523.34;
			526.1	556.2;
			557.75	585.15;
			590.1	616.1;
			619.6	646.7;
			652.6	678.25;
			679.8	706.8;
			709.15	737.2;
			738.5	767.8;
			771		797.95;
			801.5	829.6;
			834		861.1;
			862.8	890.5;
			893.6	920.32;
			921.4	951.55;
			957.3	981;
			990.3	1015.6;
			1022	1051.6;
			1056.2	1078.5;
			1081	1104.3;
			1106	1134.1;
			1137.8	1140];
			
t_ch_2 = [	0 		50.9;
			54.8 	90.2;
			98 		121.45;
			125.7 	158;
			161.75 	185.6;
			189.7 	213.8;
			216.6 	246.2;
			249.5 	275.3;
			278.8 	306.1;
			310.3 	339.1;
			341.2 	368.1;
			370.5 	399.05;
			401 	429;
			433.15 	459.9;
			464 	497.95;
			502 	526.7;
			527.9 	551.9;
			554.2 	584.6;
			585.8 	612.95;
			616.4 	646.2;
			654 	683.6;
			691.5 	719;
			720.9 	746.7;
			749.7 	774.1;
			776.2 	808.3;
			812 	837.3;
			842.4 	870.4;
			875.6 	900.3;
			906.2 	927.5;
			936.1 	961.25;
			963 	992.1;
			997 	1018.5;
			1029.5 	1054.25;
			1059.5 	1085.55;
			1090 	1110;
			1119 	1140];