%% x rotation data files
% 2020_11_14_MSU_rot_table_temp
%
chx{1} = [0      65;
          147    191.8;
          268.5  321.5;
          409    476.5;
          554.4  617.2;
          692.2  751.2;
          826.4  884.6;
          959.5  1021.5;
          1112.5 1200];
      
chx_excl{1} = [];
%

% 2020_11_24_MSU_rot_table_temp
%
chx{2} = [0    74;
          147  216;
          291  353;
          429  491;
          567  628;
          704  766;
          840  901;
          976  1038;
          1110 1200];
      
chx_excl{2} = [];
%
      
% 2020_12_02_MSU_rot_table
%
chx{3} = [0     49.8;
          125.5 181;
          256.5 305.5;
          379   426.75;
          497.5 545;
          624   664;
          735   790;
          864.5 905.5;
          977.5 1023.5];
      
chx_excl{3} = [];
%

%% y rotation data files
% 2020_11_14_MSU_rot_table_temp
%
chy{1} = [0     72;
          146   205.6;
          281.5 343.7;
          418   488;
          563.5 625.5;
          700.5 765;
          839.5 906.7;
          981   1042.5;
          1117  1200];
      
chy_excl{1} = [];
%

% 2020_11_24_MSU_rot_table_temp
%
chy{2} = [0      75;
          150    211;
          286    350;
          424.5  487.9;
          561    623.6;
          696.5  758.9;
          832.2  893.7;
          967    1030.3;
          1102.5 1200];
      
chy_excl{2} = [];
%
      
% 2020_11_27_MSU_rot_table_temp
%
chy{3} = [0       75;
          145.7   208;
          280     342;
          413.15  476;
          549.5   611.8;
          684.75  746.95;
          818.9   882.1;
          952.75  1015;
          1086.85 1200];
      
chy_excl{3} = [];
%

% 2020_12_02_MSU_rot_table
%
chy{4} = [0     44;
          115   161;
          246.5 299.5;
          370.5 419.5;
          491.5 549.5;
          621.5 678;
          750   800.7;
          872.7 917.5;
          990.7 1040];
      
chy_excl{4} = [516 524];
%

%% z rotation data files
% 2020_11_14_MSU_rot_table_temp
%
chz{1} = [0      65.3;
          137.2  220.1;
          278    320.9;
          424.1  485;
          560.2  627.3;
          700.5  772.2;
          845.7  907.1;
          980.6  1042.5;
          1116.6 1200];

chz_excl{1} = [];
%

% 2020_11_24_MSU_rot_table_temp
%
chz{2} = [0      75;
          146.5  208.5;
          279    340.7;
          413.5  476;
          549.2  611.4;
          685.2  747.6;
          820.2  882;
          954.2  1016.2;
          1088.3 1200];
      
chz_excl{2} = [];
%
      
% 2020_12_02_MSU_rot_table
%
chz{3} = [0      47.3;
          126.5  181;
          253.6  301;
          380.9  435.1;
          539.5  590.1;
          660.5  716.5;
          829.5  880.1;
          969.5  1025.3;
          1097.5 1256.4;
          1329.4 1490];
      
chz_excl{3} = [];
%