// для запуска программы .cfg файл должен находиться в папке с исполняемым файлом

// входные/выходные файлы
sensors_in = ../../data/ADIS16505-1/2020_11_24_MSU_static/raw/raw_burst_16bit_2000Hz_z_up.csv
sensors_out = 2020_11_24_MSU_static.sen
nav_out = 2020_11_24_MSU_static.nav

// тестированиe
// доступные флаги:
// 	"u_zero"     — флаг обнуления угловой скорости земли в навигацонном алгоритме
// 	"e2_zero"    — флаг обнуления эксцентриситета в навигационном алгоритме
// 	"g_const"    — флаг постоянства силы тяжести
// 	"accs_align" — флаг выставки по акселерометрам
// доступные параметры:
// 	"time_limit" — ограничение по времени выполнения
u_zero
time_limit = 360

// инерциальная подсистема
{imu:
	// начальные координаты
	lat = +55.69925 
	lon = +37.53212 
	alt = +230
	
	// время выставки
	alignment = 300
	
	// частота измерений
	freq = 2048
	
	// демпфирование вертикального канала
	vertical_damping_stdev = 0
	
	// коэффициенты температурной калибровки
	df01_a0 = -0.017157
	df01_a1 = +0.000324
	df01_a2 = -0.000005
	df01_T0 = 15.4
	df01_T1 = 25.0
	ga11_a0 = -0.002724
	ga11_a1 = +0.000041
	ga11_a2 = -0.000001
	df02_a0 = +0.012561 
	df02_a1 = -0.001414
	df02_a2 = +0.000036
	df02_T0 = 13.9
	df02_T1 = 24.7
	ga22_a0 = +0.000906
	ga22_a1 = -0.000183
	ga22_a2 = +0.000005
	df03_a0 = -0.002728
	df03_a1 = +0.001805
	df03_a2 = -0.000050
	df03_T0 = 11.3
	df03_T1 = 24.5
	ga33_a0 = -0.001072
	ga33_a1 = +0.000110
	ga33_a2 = -0.000003
	nu01_a1 = -32.050358
	nu01_a2 = +1.045406
	nu01_T0 = 18.1
	nu01_T1 = 27.3
	nu02_a1 = -12.843522
	nu02_a2 = +0.069758
	nu02_T0 = 17.8 
	nu02_T1 = 26.7
	nu03_a1 = -6.631146
	nu03_a2 = +0.135108
	nu03_T0 = 17.1
	nu03_T1 = 27.1
}